136
17
1
34
2
59
32
48
43
33
18
46
247
41
41
2
20
25
31
81
6
1
1
5
4
100
14
35
183
124
48
36
52
12
8
6
2
84
40
5
62
93
102
17
5
7
1
33
23
42
76
16
13
11
2
51
44
141
9
1
143
47
5
38
28
41
1
57
6
51
67
7
105
15
42
80
13
20
1
2
121
4
106
1
32
13
5
34
167
4
102
7
26
94
47
34
63
50
338
10
1
18
11
2
130
16
50
4
7
178
31
1
40
31
155
2
3
230
9
1
12
27
70
9
18
113
66
11
122
7
41
90
74
51
28
28
44
2
83
27
102
7
119
8
7
5
8
3
85
88
90
22
9
11
113
42
51
68
36
27
11
44
2
9
12
42
9
27
70
38
36
96
59
77
3
128
38
6
25
1
2
177
33
8
34
42
70
5
84
5
18
1
27
50
23
38
30
130
80
6
26
5
2
18
19
1
8
37
143
13
10
30
85
47
44
54
152
41
39
72
14
3
18
27
40
57
4
34
83
87
48
3
21
5
1
8
39
44
15
23
2
19
26
58
16
52
9
22
72
11
1
4
105
3
1
32
1
71
2
8
3
16
3
202
2
50
18
2
7
34
34
3
12
8
12
57
107
21
92
42
56
14
10
160
27
4
2
21
2
59
5
50
129
13
5
18
88
21
69
2
18
6
6
161
63
81
9
47
3
52
9
6
8
53
23
27
30
31
17
51
41
2
2
71
15
43
87
63
2
157
8
5
66
183
114
162
15
9
27
2
2
3
2
3
8
72
9
33
3
110
34
32
23
19
19
40
63
47
7
162
6
8
1
253
16
153
1
4
7
28
1
1
40
105
34
40
35
90
64
17
23
158
3
9
65
53
52
34
3
149
24
154
6
58
15
2
45
132
6
60
76
59
12
35
75
86
24
12
51
9
56
7
1
2
19
37
3
51
44
25
87
61
1
41
2
1
87
65
9
10
1
30
52
9
11
3
2
108
46
67
45
2
101
8
2
5
15
47
55
4
45
1
16
44
26
32
18
50
2
9
14
52
23
38
1
9
3
3
56
5
17
37
44
1
81
82
69
25
73
1
31
4
3
1
65
10
138
24
24
45
70
51
30
13
109
2
336
130
61
74
178
1
5
26
4
2
29
7
1
157
6
43
25
50
17
21
21
8
8
26
11
67
120
4
10
11
311
39
15
3
51
108
1
18
3
20
58
130
18
33
86
25
9
34
16
30
48
18
4
20
90
32
43
35
9
3
21
34
5
33
84
24
5
107
145
14
13
14
6
53
16
31
3
6
117
108
20
7
38
42
8
25
5
63
8
63
7
6
113
28
42
53
25
85
110
53
3
45
30
3
10
78
104
34
44
17
1
29
89
256
23
16
19
50
64
20
22
39
36
56
180
60
4
15
5
117
24
21
1
105
145
18
31
78
15
1
1
6
5
15
1
4
68
2
70
16
5
38
47
12
179
8
6
23
2
43
132
14
1
92
26
68
8
79
20
13
46
30
16
56
3
23
53
15
69
25
1
22
83
32
50
8
140
5
4
17
48
34
1
6
3
13
68
5
35
58
5
2
33
138
33
123
37
18
7
3
2
9
5
83
3
67
7
2
16
83
6
55
20
1
3
102
2
37
19
22
9
68
10
5
3
42
10
26
8
125
73
86
183
37
34
7
5
15
16
168
1
40
3
16
3
155
42
1
61
91
18
6
83
3
22
137
23
37
23
2
42
127
17
6
20
4
18
118
18
49
19
35
13
37
40
56
18
42
28
41
107
18
25
34
39
12
7
40
19
7
29
3
30
33
20
32
24
1
4
20
9
3
3
106
37
49
127
14
22
3
27
3
64
62
73
9
79
62
4
5
36
30
2
42
17
103
10
20
5
52
29
42
12
11
5
1
24
189
6
6
132
5
6
17
15
35
3
14
25
30
6
11
3
158
55
27
20
5
24
1
46
32
103
12
63
16
56
61
5
82
7
8
23
33
6
95
43
12
32
19
21
99
29
11
1
35
1
52
34
29
3
52
46
19
25
28
23
2
17
88
93
2
2
6
37
3
2
1
42
5
164
42
53
5
5
29
106
98
240
2
5
77
4
8
6
36
43
22
4
46
24
2
1
64
109
79
112
13
201
39
14
9
44
17
15
46
23
1
94
18
15
9
1
18
58
1
34
34
77
4
421
15
55
58
58
8
7
28
12
16
38
30
28
53
1
47
44
8
41
3
22
12
243
9
85
16
24
45
21
17
3
30
2
23
1
60
53
13
65
20
42
5
10
20
4
10
60
36
2
37
30
3
11
37
3
53
2
98
18
31
1
37
15
133
101
11
91
127
57
13
2
29
2
22
167
8
22
44
55
5
27
13
50
12
88
1
1
13
101
10
63
21
20
60
48
108
32
5
51
61
18
10
49
10
15
115
7
7
34
88
119
3
28
11
65
86
67
27
30
75
199
26
69
66
8
3
10
30
11
28
1
80
100
14
109
5
2
49
27
11
12
3
84
16
6
31
1
36
21
3
1
59
106
12
101
34
34
30
34
7
33
14
2
4
8
7
117
2
7
39
20
17
3
109
61
70
3
55
58
77
1
6
3
109
107
31
121
210
49
7
86
72
16
56
43
3
16
38
39
18
6
9
18
67
1
96
32
4
22
13
30
82
108
37
44
214
4
30
19
52
21
31
14
3
1
59
9
8
11
9
71
75
78
2
63
9
32
7
93
4
11
45
32
32
38
26
31
1
2
10
31
30
11
2
20
7
32
23
15
170
1
74
5
133
19
3
20
16
40
118
99
2
25
16
32
154
2
20
2
9
85
61
3
66
10
29
7
219
57
13
41
90
44
10
6
47
3
30
7
1
52
5
10
28
16
3
4
33
24
3
84
79
80
35
102
10
35
171
37
36
41
22
13
28
49
85
25
33
1
18
2
20
51
1
2
4
33
32
26
14
17
27
8
3
1
14
1
4
56
36
20
53
25
101
14
10
2
60
6
58
1
23
3
62
32
3
71
20
2
55
5
84
12
58
40
33
193
80
11
3
156
13
6
67
15
13
35
59
20
26
173
2
50
29
89
104
48
26
4
27
98
36
46
17
46
12
5
3
1
23
3
18
43
1
19
32
44
60
51
24
79
35
6
33
1
36
5
26
8
1
1
1
53
79
15
10
18
48
64
18
18
10
15
32
118
1
40
6
8
21
47
42
21
8
1
21
49
13
84
88
1
19
337
47
48
116
40
9
1
70
70
1
16
42
61
60
2
40
7
2
7
28
7
22
70
13
238
81
17
27
11
55
13
20
69
7
18
16
2
49
118
11
62
39
2
8
30
19
57
65
3
10
15
8
48
21
29
84
7
7
1
5
23
16
63
12
5
59
14
47
30
1
84
4
3
20
1
23
122
58
41
19
2
24
33
20
37
3
1
14
21
27
23
5
19
1
17
54
10
68
43
232
21
8
88
3
114
3
10
16
26
1
6
108
2
74
52
5
11
6
65
40
32
7
38
95
129
1
2
24
69
18
39
117
3
26
45
3
134
3
13
8
40
3
20
1
16
1
3
25
38
76
1
60
37
46
6
138
89
463
6
37
40
10
19
53
1
1
10
21
134
53
15
32
2
11
4
2
1
25
111
18
2
2
4
125
32
6
4
4
41
21
22
4
28
87
90
34
29
20
14
22
44
100
56
7
2
46
41
4
70
4
1
10
79
102
3
19
24
93
26
12
36
4
22
63
3
50
25
55
32
3
58
76
1
1
22
70
1
10
30
55
9
74
24
45
74
20
21
4
22
13
6
151
37
12
71
1
6
8
82
18
2
95
45
20
10
14
5
31
75
16
4
58
3
5
8
10
42
46
6
7
91
72
38
96
42
3
1
65
7
80
8
28
4
59
20
15
81
45
5
27
38
26
60
40
4
25
25
9
43
43
15
14
8
10
3
21
3
1
13
25
13
71
4
10
10
23
82
1
2
4
71
78
45
13
15
7
2
5
25
3
24
26
42
11
42
8
2
32
3
82
55
45
87
3
5
8
12
26
51
1
14
6
79
38
2
28
10
23
10
48
42
65
47
3
10
2
67
65
6
9
45
75
5
22
58
74
8
17
69
15
2
3
2
2
15
45
102
78
32
12
6
17
85
92
2
8
3
2
143
6
1
4
18
9
1
1
46
43
60
9
2
5
5
116
6
1
46
2
14
83
31
30
11
1
12
60
9
4
4
1
86
54
4
33
22
46
70
63
13
55
41
60
81
31
18
2
4
15
10
7
14
23
21
1
8
10
34
22
6
10
5
50
6
4
3
2
15
47
34
1
31
45
18
11
7
15
4
21
28
26
18
33
18
20
25
10
21
34
70
32
3
3
24
16
1
1
7
5
22
16
26
218
2
59
6
9
54
50
9
6
1
19
52
11
13
44
99
38
65
4
14
28
19
3
19
9
115
4
11
13
51
10
4
5
40
30
18
2
37
3
2
51
113
42
25
16
50
3
31
1
4
1
12
18
58
22
95
28
9
75
24
57
5
176
12
69
30
2
23
5
15
49
53
1
10
8
29
5
85
12
5
11
3
3
9
20
11
17
6
27
2
34
3
3
46
18
21
20
40
11
90
3
18
57
4
7
31
9
9
65
39
17
23
5
14
53
1
18
18
16
1
20
5
31
82
10
8
21
3
21
33
4
16
10
15
27
2
4
26
42
10
18
9
130
2
14
10
2
43
4
30
5
80
58
18
14
44
127
29
44
81
21
1
12
1
21
6
94
31
12
16
54
5
17
3
33
162
21
7
16
12
85
9
33
22
4
13
8
8
5
76
24
42
47
26
54
54
51
14
25
103
107
3
60
2
37
63
32
66
2
32
25
20
65
41
65
15
28
1
13
24
16
13
74
74
101
2
93
45
5
18
2
44
6
32
37
13
2
7
6
19
13
7
22
59
6
3
8
62
23
3
8
64
43
43
3
57
44
10
106
2
13
11
18
31
4
3
39
10
16
7
1
14
49
14
5
3
12
52
30
2
55
43
2
7
25
15
11
15
42
32
51
27
17
1
39
56
40
31
32
2
100
14
9
11
6
14
76
25
51
15
2
1
4
22
33
5
3
8
3
1
6
75
49
4
46
41
13
20
3
2
17
16
45
25
30
9
2
8
13
1
22
28
7
42
11
5
35
33
13
4
13
23
24
33
2
38
3
14
12
12
20
31
42
32
2
8
66
72
28
8
51
3
63
22
100
2
19
23
20
43
27
24
31
3
9
4
6
22
2
2
7
27
1
14
45
1
2
7
4
15
5
46
43
29
15
51
2
10
6
10
112
16
16
19
28
25
12
58
5
12
12
65
2
1
12
26
2
27
11
30
20
150
79
42
36
1
3
1
80
76
10
5
35
9
52
6
10
18
20
17
38
1
36
36
3
24
3
83
30
49
75
14
43
13
8
1
42
4
10
5
122
58
28
19
27
31
32
8
40
31
6
4
59
38
30
106
32
26
64
9
27
34
34
113
13
2
30
1
2
13
102
31
75
7
3
3
32
66
42
35
20
3
10
29
63
3
14
19
3
52
40
6
49
2
53
4
16
30
2
5
42
60
5
3
32
41
10
23
3
37
13
15
16
4
3
9
4
12
23
6
15
63
2
80
4
35
20
14
79
5
5
20
7
1
103
27
5
87
10
68
95
54
2
34
9
25
15
68
5
59
3
55
1
41
4
27
27
22
54
7
31
31
2
3
3
5
29
18
1
1
51
5
29
10
7
97
34
5
10
2
41
11
5
38
72
24
39
6
51
2
5
6
3
2
3
23
8
12
23
4
24
22
67
32
58
39
81
27
61
33
43
4
39
39
11
5
4
96
2
58
3
23
143
6
31
55
106
2
3
15
29
5
44
5
33
34
19
5
17
10
48
7
23
87
40
26
2
2
3
12
1
2
75
8
109
24
13
34
30
20
1
114
16
4
9
37
79
12
7
37
7
3
13
8
28
2
57
15
3
22
10
8
11
74
56
2
42
4
6
4
7
1
4
20
9
37
4
37
17
38
54
44
48
2
32
3
11
20
5
6
52
8
43
27
21
4
17
62
2
35
47
3
52
1
13
17
33
2
29
2
33
8
44
32
23
66
48
11
41
2
22
2
15
1
7
14
61
5
2
10
53
8
20
20
23
12
2
36
8
7
21
73
80
8
27
3
44
4
11
4
8
10
28
2
45
9
21
72
36
42
7
1
2
71
156
5
29
60
9
6
2
5
30
9
32
133
2
51
45
90
2
23
31
12
7
28
7
78
18
1
1
18
37
10
3
4
12
19
8
5
7
94
90
2
29
21
1
29
53
51
7
2
25
2
1
4
32
18
103
21
8
9
9
2
20
11
2
46
2
76
36
36
3
1
59
23
10
10
32
24
42
10
6
10
13
32
37
6
26
24
47
55
5
49
13
1
2
3
58
49
43
41
1
3
8
3
4
2
11
12
32
19
9
1
26
24
13
16
59
24
1
30
45
87
22
19
6
46
26
2
26
4
8
5
13
28
2
21
16
4
20
8
8
5
7
2
47
74
5
78
10
3
15
2
63
3
38
1
54
31
7
6
26
1
3
15
12
14
1
81
17
5
7
4
18
2
21
17
60
1
4
49
5
3
77
1
9
1
10
11
37
13
19
19
12
16
6
62
3
3
52
8
25
1
9
29
5
49
5
10
41
19
2
3
56
11
13
30
28
6
1
79
27
58
14
13
9
4
2
2
1
9
18
1
28
29
9
18
33
7
20
18
40
69
53
38
48
12
174
2
52
84
18
10
9
15
3
8
14
22
32
8
14
1
5
4
2
27
27
4
2
18
4
4
4
2
9
13
16
72
32
2
31
5
12
12
18
28
6
48
4
5
3
36
34
3
44
40
15
3
84
43
49
36
8
16
1
19
53
27
4
1
12
33
12
17
15
25
2
3
40
28
13
16
21
13
14
24
7
33
89
2
6
80
18
3
132
11
24
2
7
10
2
3
2
4
8
72
26
2
55
58
6
20
12
19
10
4
1
9
65
16
4
34
40
1
19
4
1
13
40
2
1
39
34
60
2
6
1
2
37
14
51
27
20
1
154
20
4
9
21
36
2
21
4
2
3
14
25
18
84
16
13
5
20
6
29
38
20
32
6
154
45
2
31
46
1
9
4
25
3
5
6
45
4
76
41
5
15
40
3
18
23
43
4
23
16
24
4
6
1
10
25
6
2
2
3
93
78
59
7
1
54
24
45
2
71
7
13
36
32
1
2
7
35
20
7
25
6
4
48
33
1
15
2
98
2
11
5
2
8
24
21
25
4
13
39
32
31
37
6
14
20
29
27
9
10
43
4
2
15
36
21
1
28
2
7
20
9
88
3
3
11
21
45
57
10
5
50
19
36
12
40
6
8
19
10
53
19
14
52
11
45
18
16
16
2
27
2
1
3
13
29
21
1
29
153
8
2
2
6
2
24
2
16
200
122
31
28
8
1
12
3
62
1
17
44
16
2
73
10
3
15
2
44
49
5
8
4
3
78
20
50
10
2
5
9
2
41
26
32
9
7
12
4
1
17
39
1
5
2
32
4
9
4
3
3
3
1
55
38
33
20
31
242
3
12
43
10
3
14
5
5
8
22
4
12
86
17
79
9
14
59
1
26
1
4
4
18
39
14
35
68
21
34
14
6
85
8
3
15
5
2
19
25
8
24
2
31
100
37
7
1
23
12
57
21
9
50
10
10
136
36
11
15
72
28
7
40
93
4
14
4
34
77
1
97
4
7
1
1
31
26
23
2
1
15
10
3
5
39
9
31
4
8
140
2
10
10
1
1
31
75
1
39
14
2
43
8
57
11
2
23
57
2
16
1
9
81
13
2
5
2
18
20
1
2
19
34
11
23
7
9
6
78
62
2
33
6
26
9
5
5
5
21
21
15
27
78
8
2
20
55
32
9
6
2
16
17
3
2
30
20
15
24
1
33
7
9
5
3
68
36
5
6
4
5
30
83
6
6
47
11
1
31
7
2
1
33
5
4
21
2
3
10
10
21
1
91
4
163
37
12
2
6
34
8
3
2
11
1
15
9
24
1
1
5
38
18
7
64
26
79
5
5
17
93
5
28
10
10
41
1
1
29
101
65
2
1
6
31
18
20
1
30
28
3
10
57
36
6
3
2
37
35
11
58
20
7
2
77
7
2
3
9
48
4
6
42
80
14
13
23
7
20
1
1
3
4
3
100
26
21
6
9
16
1
19
35
2
55
3
36
4
24
85
21
12
1
2
23
12
46
8
3
4
9
1
2
7
43
14
3
50
57
23
2
1
16
2
6
123
13
8
9
20
3
22
1
1
22
1
64
19
24
12
34
67
114
105
25
3
10
9
7
3
1
1
18
19
10
25
23
69
16
8
40
101
98
15
9
3
48
27
11
1
5
23
3
12
51
1
1
19
1
3
17
32
65
6
7
38
28
19
8
14
19
5
12
9
30
8
35
31
1
19
3
8
80
14
4
3
8
86
48
10
29
40
4
6
40
23
2
1
1
3
11
35
19
6
31
5
1
4
1
3
77
4
16
11
2
2
1
1
17
46
33
32
17
152
78
105
1
27
14
23
2
17
34
5
81
4
44
16
1
3
21
40
8
7
7
20
2
61
2
10
75
4
97
20
13
4
16
4
2
1
15
25
1
6
1
15
36
39
5
21
1
14
20
143
23
18
36
6
3
21
12
1
14
5
5
46
14
23
1
84
7
2
43
5
103
3
76
6
1
3
3
6
22
6
66
4
60
1
105
1
6
8
53
87
2
7
5
35
9
18
4
8
58
11
4
4
10
95
70
14
1
3
4
5
4
12
33
51
2
11
9
18
11
4
1
15
12
6
61
18
2
41
28
12
1
3
2
53
15
2
4
18
2
1
39
47
81
8
1
29
116
44
16
15
33
62
31
6
15
40
98
9
18
23
24
2
21
8
6
16
6
3
2
2
1
15
9
59
4
2
1
81
5
1
41
4
1
2
1
3
108
1
1
29
11
2
4
10
24
52
1
6
15
19
90
25
10
11
5
2
1
13
2
12
5
9
18
1
1
1
1
2
4
6
50
32
36
7
7
8
4
1
2
23
76
5
10
1
25
24
68
33
24
1
71
2
3
93
74
3
9
45
2
24
8
52
156
30
4
6
14
39
4
1
24
1
29
41
4
2
31
3
13
1
12
80
11
37
9
12
20
7
64
6
8
1
3
16
11
2
2
2
27
2
75
51
3
5
2
1
2
18
1
28
18
35
1
15
26
1
6
16
46
24
1
19
4
3
6
33
3
29
8
25
54
1
5
58
4
92
12
2
7
72
1
6
22
2
2
37
6
97
25
5
26
3
20
2
39
1
2
19
27
14
6
13
27
14
11
2
1
17
50
5
2
80
155
8
12
1
102
19
1
1
33
5
15
41
3
1
40
7
78
7
81
12
14
46
5
1
10
3
1
6
1
7
21
4
97
12
110
1
20
9
15
18
53
4
16
10
29
18
1
22
61
28
13
2
3
1
5
3
40
9
18
17
2
7
2
6
37
6
2
10
85
2
2
1
1
19
14
5
1
11
8
10
40
6
31
41
4
3
57
7
10
2
1
44
40
32
1
18
30
47
18
2
5
59
179
27
28
10
10
31
3
1
27
13
2
114
62
13
55
10
12
9
22
8
17
7
1
57
78
30
2
15
24
24
1
6
2
8
7
4
80
7
56
14
10
43
31
15
2
82
1
19
41
15
15
5
1
5
1
46
132
17
6
10
10
25
13
15
28
8
2
6
50
11
2
38
2
1
1
25
1
1
55
4
5
1
51
56
21
11
36
2
42
2
15
13
2
50
8
24
2
21
2
6
1
37
20
5
20
14
83
2
120
25
7
21
8
4
67
14
32
10
52
1
43
1
14
108
8
2
77
3
43
70
23
29
55
1
3
5
48
11
7
12
24
2
157
32
4
45
112
4
14
1
18
2
14
39
40
15
13
3
4
29
2
24
2
77
10
1
3
41
13
30
5
1
46
93
28
5
54
33
4
10
44
36
25
64
2
65
132
1
38
14
6
3
29
37
2
10
27
12
32
2
12
15
13
4
9
6
18
36
1
5
13
40
18
10
6
14
13
95
1
23
21
4
22
47
21
4
5
28
6
2
99
7
1
2
85
4
17
17
120
79
25
20
64
41
64
10
31
5
1
5
19
80
31
3
1
9
2
120
5
1
79
14
1
11
58
15
47
22
2
52
3
28
3
20
7
3
47
12
30
6
9
37
30
19
10
1
71
11
24
2
20
82
7
4
5
66
58
13
50
60
46
10
2
88
21
45
32
15
1
3
28
9
2
2
3
5
15
2
1
129
32
12
8
1
3
11
145
63
9
9
25
2
23
1
3
9
8
7
155
23
73
25
58
1
8
1
51
36
4
1
113
70
53
78
37
17
53
29
12
54
2
26
8
46
48
18
9
1
41
36
65
21
2
51
42
2
12
2
38
18
1
126
14
3
17
1
65
28
48
64
41
15
28
2
14
12
1
3
150
7
138
58
1
9
164
1
70
10
42
22
2
49
1
4
19
9
32
4
47
1
9
110
53
7
67
23
5
25
25
1
74
21
5
26
15
5
40
16
23
1
22
3
1
95
36
2
7
12
2
31
22
4
25
16
10
94
10
137
38
1
13
9
158
17
21
12
27
11
7
9
4
5
16
5
3
22
64
13
1
60
1
12
8
57
10
18
19
10
4
29
8
34
76
64
2
4
13
40
125
34
1
20
3
49
20
84
36
24
6
27
32
7
1
33
73
35
3
12
42
1
11
104
171
28
1
2
23
14
67
3
6
30
13
89
47
2
87
12
71
10
8
30
10
76
7
2
109
1
17
5
10
41
3
151
45
1
54
29
7
3
36
39
95
1
54
25
2
2
115
51
4
68
1
27
18
9
35
1
1
10
4
147
31
61
2
96
3
95
22
6
82
13
71
56
40
96
5
11
9
21
4
37
1
53
31
5
94
8
16
21
116
4
24
219
49
2
20
4
2
2
69
38
32
6
32
33
44
9
20
68
28
1
11
77
8
45
2
105
45
10
96
6
36
97
98
93
32
1
2
32
25
15
32
24
21
79
33
57
3
174
28
34
30
25
106
60
13
50
69
31
2
12
55
1
36
116
26
35
10
7
2
73
2
25
56
49
25
10
4
1
5
9
1
1
23
17
169
12
3
70
7
19
90
19
17
1
8
55
32
33
21
2
18
2
9
5
5
7
52
3
37
47
2
20
36
1
29
1
29
16
22
2
1
4
16
20
76
30
64
6
28
61
15
70
52
113
25
48
2
20
29
28
10
1
1
1
5
5
45
25
53
45
11
43
66
49
2
10
28
2
2
4
1
24
28
111
39
6
10
16
1
2
3
11
3
20
112
25
18
1
23
11
54
25
49
11
9
13
54
22
32
9
11
18
11
1
6
136
18
29
26
8
70
43
43
120
2
93
1
2
13
45
1
14
41
43
28
32
20
3
44
1
2
50
85
27
85
14
52
145
1
5
2
37
82
1
1
145
78
22
3
15
1
2
1
42
34
2
16
43
64
2
97
7
100
26
51
49
13
42
3
36
3
49
1
3
30
51
22
4
6
85
5
17
13
94
13
50
1
14
110
1
3
74
2
15
18
2
96
20
10
46
25
17
197
47
46
16
14
46
21
20
1
21
40
40
1
43
66
83
2
26
120
2
16
10
196
17
15
10
8
43
29
2
38
78
8
1
6
4
47
4
112
73
8
46
142
72
42
18
2
6
11
29
1
121
113
20
1
93
24
142
30
24
25
67
8
43
9
2
2
47
41
24
48
9
75
3
20
25
2
21
27
13
6
1
66
14
12
7
13
3
6
84
90
2
5
33
60
66
27
1
17
36
28
85
1
33
24
10
7
26
2
10
3
154
23
5
36
43
45
52
5
41
17
172
88
22
36
126
41
10
76
33
9
21
8
36
134
33
28
12
52
10
20
4
9
54
10
7
4
7
36
35
33
16
7
2
2
205
64
64
39
100
46
16
32
1
7
46
36
5
8
4
46
6
19
3
32
35
34
16
39
1
3
12
39
15
54
75
10
85
3
34
15
19
76
27
53
41
23
5
53
34
12
1
97
43
94
18
157
10
49
4
57
49
36
57
4
32
51
94
8
2
5
14
2
2
110
46
13
11
3
19
33
36
1
2
35
14
113
32
58
3
74
79
24
58
75
3
33
126
53
9
23
100
43
11
158
3
4
11
194
5
64
13
41
147
42
13
24
1
107
2
32
1
34
67
48
108
242
82
23
12
4
12
1
6
32
106
8
3
23
88
2
8
5
35
100
61
15
4
14
2
43
39
20
21
55
43
2
25
24
2
48
17
10
38
77
7
91
2
13
6
1
23
34
82
112
19
51
6
4
8
2
11
41
65
4
29
4
18
40
24
104
63
1
37
62
16
20
1
5
2
31
1
28
36
16
2
49
8
5
72
4
22
105
37
40
6
9
67
224
2
61
9
2
8
35
104
1
3
29
47
18
2
2
34
53
88
14
18
4
35
21
22
202
14
49
1
22
11
181
25
63
110
86
61
17
30
7
81
18
10
31
45
154
1
3
7
30
1
85
114
58
6
1
10
47
42
73
24
148
28
64
3
2
2
41
4
48
2
71
13
4
45
11
1
40
31
5
154
55
21
20
30
68
171
67
38
15
23
12
20
187
2
77
33
86
12
24
99
5
3
15
30
3
19
3
36
18
92
17
4
6
10
16
1
126
17
24
57
173
75
19
42
3
32
17
7
24
16
33
15
76
72
40
61
8
9
100
67
6
76
23
17
13
98
130
7
26
15
121
142
70
30
12
51
16
11
5
37
52
18
35
6
24
25
38
6
66
71
32
26
82
2
50
46
109
50
93
1
64
115
25
38
3
26
72
36
1
14
3
20
13
5
41
18
11
31
125
138
84
33
50
75
1
51
3
44
96
14
40
7
1
2
9
2
120
18
27
3
18
22
13
50
75
20
8
1
6
95
116
125
22
226
86
101
13
3
21
5
2
6
3
2
1
15
1
57
27
5
14
62
50
32
2
26
80
88
29
2
80
47
36
9
127
107
61
6
6
142
5
8
122
118
1
7
27
49
23
28
93
5
19
15
1
148
327
44
93
14
28
3
31
2
1
42
154
22
42
7
5
166
71
102
1
7
43
10
2
100
260
35
3
4
23
10
27
1
41
19
43
1
10
61
1
54
4
94
92
47
18
5
52
61
12
194
30
61
6
2
60
1
35
41
81
13
19
4
32
132
47
44
1
59
2
33
1
5
30
30
8
69
9
1
4
4
74
99
150
35
83
29
16
58
5
117
28
2
108
57
80
12
130
1
2
129
46
102
2
49
21
46
17
87
2
98
78
4
54
80
32
1
37
32
1
12
122
24
55
45
78
152
108
110
6
14
149
215
47
228
55
119
1
8
11
25
15
18
38
63
11
156
41
5
8
23
98
55
1
69
5
37
115
12
3
17
7
79
95
40
42
2
22
19
16
35
42
8
16
19
1
2
9
193
73
40
26
6
34
10
9
18
20
75
12
39
24
22
2
166
163
22
16
98
1
70
29
16
23
16
18
6
2
3
1
67
16
7
54
73
28
69
64
8
36
58
4
45
27
21
157
25
2
51
49
23
2
21
5
2
3
56
9
73
36
9
3
2
11
3
86
8
92
16
5
24
40
49
70
100
12
33
30
143
38
74
32
180
30
2
105
43
133
72
6
33
88
41
20
63
9
57
55
59
12
27
5
5
184
55
8
65
30
61
26
32
174
87
1
212
85
64
4
102
73
5
18
14
9
78
84
2
3
85
6
89
8
50
116
21
7
5
7
25
3
268
20
5
11
54
93
190
3
50
3
43
60
28
111
2
1
1
19
15
19
34
9
2
10
43
20
37
37
28
43
3
120
1
18
240
2
74
98
15
1
271
35
3
41
13
41
46
81
18
52
73
5
5
86
41
22
310
26
7
87
20
10
26
2
9
61
17
2
9
30
3
72
70
82
28
17
5
18
4
2
57
56
6
52
12
22
242
45
3
48
9
62
6
47
102
60
5
36
98
74
27
114
60
87
39
63
25
25
11
18
75
33
37
16
215
3
104
26
51
28
41
12
88
2
8
15
61
1
20
5
19
8
3
94
12
1
50
8
72
64
11
51
54
81
80
12
12
28
64
8
72
60
56
1
8
3
1
42
2
1
13
60
33
196
11
11
14
22
3
1
64
8
35
12
24
220
33
42
6
1
6
1
3
47
14
20
19
15
15
22
9
20
5
135
2
38
113
1
4
26
14
10
18
192
127
25
10
1
72
13
33
83
55
4
72
30
14
62
186
51
96
124
54
35
15
62
260
78
10
68
105
21
83
12
70
228
2
19
94
52
1
64
14
88
25
18
23
27
60
31
6
5
25
28
68
134
75
2
15
92
34
168
2
47
86
3
127
53
26
62
32
25
82
26
1
1
35
21
35
1
5
1
64
28
9
9
10
128
118
68
6
44
17
1
22
97
42
164
14
3
19
78
4
16
41
13
36
42
71
33
2
39
22
18
38
46
59
68
26
45
3
42
358
1
128
81
30
24
35
46
37
3
41
3
10
1
7
381
31
22
118
55
42
45
24
9
31
3
122
28
15
5
166
81
30
6
131
15
5
9
26
25
18
48
2
11
48
14
33
16
53
32
72
32
75
22
54
34
1
106
17
97
27
55
12
21
2
10
4
30
2
253
21
52
48
2
13
3
81
64
7
31
3
17
20
146
58
29
3
192
15
28
83
11
58
19
12
53
9
18
8
33
15
59
17
1
23
3
4
76
5
104
2
1
2
20
22
62
27
30
122
2
87
70
15
23
2
65
100
31
20
15
48
31
54
3
9
26
2
106
13
8
125
8
43
27
2
74
180
1
46
38
32
46
40
75
26
18
16
9
22
84
90
54
248
45
35
1
18
52
1
4
11
120
2
20
97
75
51
71
4
29
36
2
24
49
27
86
59
29
32
8
19
4
74
115
8
23
22
58
67
38
14
92
3
23
17
2
47
76
3
109
1
135
4
38
61
51
2
41
1
59
59
8
9
107
85
10
15
63
27
12
72
30
3
59
3
5
207
25
1
19
9
49
7
29
96
11
106
98
3
32
1
93
26
2
29
43
5
51
10
33
46
6
29
55
2
7
65
26
55
165
52
17
36
142
13
6
60
11
6
15
97
20
22
12
130
58
13
35
6
47
37
28
153
66
1
50
97
8
153
7
31
67
32
47
4
19
1
72
35
82
2
5
5
13
42
32
3
7
45
236
49
111
7
90
10
17
245
40
4
2
26
65
30
17
7
27
83
68
5
14
34
2
29
211
57
1
48
195
47
6
121
10
19
53
26
118
8
5
42
71
6
23
104
25
9
12
116
3
24
1
26
2
13
118
34
72
5
37
43
3
61
21
33
33
70
6
22
51
1
2
2
49
9
108
3
51
61
2
9
25
7
2
49
27
93
19
35
7
109
5
15
43
20
9
3
9
7
10
186
35
3
5
5
4
1
7
136
114
41
23
15
17
26
5
34
2
25
3
2
96
28
3
5
3
2
18
41
43
8
18
17
13
14
18
14
40
19
80
